0 0
1 0
2 0
3 0
4 1
5 0
6 2
7 10
8 21
9 35
10 85
11 116
12 137
13 167
14 198
15 267
16 303
17 353
18 391
19 416
20 609
21 583
22 588
23 640
24 710
25 757
26 826
27 777
28 867
29 875
30 903
31 1023
32 1037
33 1027
34 1012
35 1120
36 1176
37 1154
38 1185
39 1206
40 1200
41 1261
42 1218
43 1195
44 1208
45 1249
46 1335
47 1268
48 1290
49 1266
50 1339
51 1284
52 1385
53 1259
54 1256
55 1270
56 1208
57 1265
58 1284
59 1273
60 1199
61 1186
62 1286
63 1230
64 1136
65 1170
66 1070
67 1163
68 1127
69 1108
70 1104
71 1044
72 1241
73 1048
74 1022
75 946
76 1020
77 960
78 1025
79 957
80 958
81 928
82 876
83 1000
84 835
85 890
86 811
87 817
88 849
89 812
90 773
91 736
92 757
93 804
94 681
95 725
96 728
97 677
98 724
99 602
100 638
101 634
102 621
103 521
104 642
105 540
106 525
107 519
108 526
109 546
110 475
111 476
112 495
113 451
114 474
115 435
116 422
117 436
118 384
119 444
120 445
121 410
122 373
123 348
124 361
125 372
126 328
127 337
128 324
129 319
130 326
131 324
132 278
133 250
134 277
135 271
136 248
137 252
138 251
139 209
140 258
141 210
142 233
143 200
144 187
145 215
146 197
147 188
148 186
149 164
150 150
151 168
152 148
153 172
154 139
155 138
156 187
157 142
158 160
159 130
160 117
161 110
162 106
163 113
164 135
165 116
166 112
167 96
168 94
169 99
170 101
171 109
172 74
173 85
174 94
175 94
176 88
177 81
178 78
179 83
180 80
181 63
182 68
183 63
184 72
185 51
186 54
187 67
188 58
189 53
190 53
191 50
192 61
193 48
194 52
195 42
196 43
197 48
198 43
199 33
200 39
201 43
202 34
203 44
204 25
205 25
206 33
207 32
208 28
209 24
210 27
211 22
212 29
213 22
214 24
215 15
216 15
217 18
218 27
219 18
220 15
221 19
222 22
223 18
224 19
225 20
226 13
227 19
228 15
229 13
230 18
231 17
232 17
233 7
234 11
235 8
236 11
237 12
238 10
239 12
240 13
241 9
242 11
243 10
244 8
245 7
246 8
247 8
248 8
249 9
250 11
251 4
252 6
253 5
254 1
255 7
256 7
257 3
258 6
259 5
260 4
261 4
262 3
263 6
264 7
265 5
266 9
267 4
268 3
269 2
270 5
271 1
272 7
273 4
274 2
275 1
276 3
277 1
278 3
279 4
280 1
281 2
282 1
283 2
284 4
285 5
286 4
287 2
288 1
289 1
290 0
291 0
292 1
293 1
294 1
295 1
296 4
297 1
298 2
299 0
300 3
301 1
302 2
303 0
304 1
305 1
306 1
307 2
308 1
309 2
310 1
311 0
312 1
313 1
314 1
315 0
316 1
317 0
318 0
319 2
320 0
321 0
322 0
323 0
324 0
325 0
326 1
327 1
328 2
329 0
330 1
331 0
332 0
333 0
334 0
335 1
336 0
337 0
338 1
339 1
340 0
341 0
342 1
343 0
344 0
345 0
346 0
347 1
348 0
349 1
350 0
351 0
352 0
353 0
354 0
355 0
356 0
357 0
358 0
359 0
360 0
361 0
362 0
363 0
364 0
365 2
366 0
367 1
368 0
369 0
370 0
371 0
372 1
