0 954
1 892
2 848
3 885
4 942
5 952
6 910
7 911
8 947
9 900
10 903
11 911
12 977
13 951
14 892
15 896
16 895
17 925
18 892
19 886
20 892
21 936
22 901
23 932
24 880
25 927
26 938
27 904
28 889
29 902
30 951
31 869
32 891
33 918
34 921
35 897
36 870
37 894
38 906
39 887
40 925
41 916
42 929
43 915
44 912
45 886
46 873
47 882
48 906
49 870
50 908
51 884
52 964
53 921
54 896
55 914
56 849
57 955
58 921
59 949
60 905
61 916
62 917
63 875
64 937
65 916
66 924
67 916
68 884
69 954
70 906
71 891
72 934
73 893
74 879
75 957
76 942
77 924
78 898
79 908
80 922
81 903
82 985
83 891
84 867
85 915
86 920
87 895
88 923
89 931
90 904
91 859
92 847
93 908
94 915
95 892
96 885
97 877
98 899
99 972
100 873
101 953
102 881
103 914
104 914
105 935
106 931
107 905
108 942
109 874
110 891
111 927
112 881
113 895
114 876
115 926
116 888
117 873
118 909
119 938
120 901
121 935
122 951
123 893
124 926
125 895
126 907
127 937
128 889
129 875
130 894
131 882
132 933
133 932
134 914
135 924
136 890
137 882
138 917
139 903
140 953
141 935
142 890
143 955
144 904
145 919
146 956
147 872
148 878
149 897
150 913
151 916
152 915
153 874
154 878
155 888
156 901
157 905
158 844
159 924
160 882
161 881
162 889
163 936
164 905
165 908
166 902
167 890
168 918
169 899
170 904
171 914
172 887
173 908
174 931
175 894
176 847
177 903
178 886
179 904
180 870
181 910
182 925
183 862
184 907
185 831
186 882
187 883
188 911
189 900
190 896
191 887
192 846
193 897
194 865
195 844
196 872
197 866
198 963
199 888
200 869
201 936
202 939
203 898
204 875
205 935
206 911
207 897
208 949
209 889
210 963
211 930
212 939
213 929
214 1002
215 906
216 922
217 941
218 932
219 921
220 956
221 934
222 977
223 941
224 910
225 959
226 905
227 896
228 935
229 925
230 938
231 895
232 926
233 956
234 922
235 971
236 989
237 949
238 908
239 956
240 940
241 889
242 949
243 936
244 917
245 891
246 893
247 937
248 915
249 894
250 938
251 953
252 950
253 989
254 877
255 970
256 949
257 932
258 917
259 932
260 957
261 954
262 901
263 988
264 888
265 951
266 938
267 897
268 903
